1995	258	0	0	0	0	0	0	0	0	0	0	17	16	39	68	39	79	0	0	0	0	0	0	0	0	33.4120523165959	0.129504078746496	
1996	207	0	0	0	0	0	0	0	0	0	0	0	26	81	100	0	0	0	0	0	0	0	0	0	0	33.4120523165959	0.161410880756502	
1997	0	0	0	0	0	0	0	0	0	0	0	0	0	0	0	0	0	0	0	0	0	0	0	0	0	33.4120523165959	∞	
1998	282	0	0	0	0	0	0	0	0	0	0	0	0	91	0	191	0	0	0	0	0	0	0	0	0	33.4120523165959	0.11848245502339	
1999	0	0	0	0	0	0	0	0	0	0	0	0	0	0	0	0	0	0	0	0	0	0	0	0	0	33.4120523165959	∞	
2000	252	0	0	0	0	0	0	0	0	0	0	0	14	94	79	22	0	15	28	0	0	0	0	0	0	33.4120523165959	0.132587509192841	
2001	168	0	0	0	0	0	0	0	0	0	0	0	80	0	88	0	0	0	0	0	0	0	0	0	0	33.4120523165959	0.198881263789262	
2002	87	0	0	0	0	0	0	0	0	0	0	18	27	0	0	42	0	0	0	0	0	0	0	0	0	33.4120523165959	0.384046578351678	
2003	428	0	0	0	0	0	0	0	0	0	0	0	14	82	0	0	139	117	51	25	0	0	0	0	0	33.4120523165959	0.0780655427957849	
2004	800	0	0	0	0	0	0	0	0	15	33	91	87	138	271	33	120	12	0	0	0	0	0	0	0	33.4120523165959	0.0417650653957449	
2005	581	0	0	0	0	0	0	16	0	0	36	25	58	0	61	58	40	71	202	14	0	0	0	0	0	33.4120523165959	0.0575078353125576	
2006	1363	0	0	0	0	0	0	16	0	33	0	21	315	382	75	259	202	60	0	0	0	0	0	0	0	33.4120523165959	0.0245136113841496	
2007	1281	0	0	0	0	0	0	30	0	0	128	0	181	71	333	280	192	34	32	0	0	0	0	0	0	33.4120523165959	0.0260827886936737	
2008	1523	0	0	0	0	0	0	51	72	53	0	288	44	337	242	87	146	148	17	0	38	0	0	0	0	33.4120523165959	0.0219383140621116	
2009	1397	0	0	0	0	0	13	0	85	12	0	0	32	448	354	0	302	36	88	0	11	16	0	0	0	33.4120523165959	0.0239170023740844	
2010	1301	0	0	0	0	0	0	0	24	0	19	46	18	191	310	348	164	181	0	0	0	0	0	0	0	33.4120523165959	0.0256818234562613	
1995	258	0	0	0	0	0	0	0	0	0	0	17	16	39	68	39	79	0	0	0	0	0	0	0	0	33.4120523165959	0.129504078746496	
1996	207	0	0	0	0	0	0	0	0	0	0	0	26	81	100	0	0	0	0	0	0	0	0	0	0	33.4120523165959	0.161410880756502	
1997	0	0	0	0	0	0	0	0	0	0	0	0	0	0	0	0	0	0	0	0	0	0	0	0	0	33.4120523165959	∞	
1998	282	0	0	0	0	0	0	0	0	0	0	0	0	91	0	191	0	0	0	0	0	0	0	0	0	33.4120523165959	0.11848245502339	
1999	0	0	0	0	0	0	0	0	0	0	0	0	0	0	0	0	0	0	0	0	0	0	0	0	0	33.4120523165959	∞	
2000	252	0	0	0	0	0	0	0	0	0	0	0	14	94	79	22	0	15	28	0	0	0	0	0	0	33.4120523165959	0.132587509192841	
2001	168	0	0	0	0	0	0	0	0	0	0	0	80	0	88	0	0	0	0	0	0	0	0	0	0	33.4120523165959	0.198881263789262	
2002	87	0	0	0	0	0	0	0	0	0	0	18	27	0	0	42	0	0	0	0	0	0	0	0	0	33.4120523165959	0.384046578351678	
2003	428	0	0	0	0	0	0	0	0	0	0	0	14	82	0	0	139	117	51	25	0	0	0	0	0	33.4120523165959	0.0780655427957849	
2004	800	0	0	0	0	0	0	0	0	15	33	91	87	138	271	33	120	12	0	0	0	0	0	0	0	33.4120523165959	0.0417650653957449	
2005	581	0	0	0	0	0	0	16	0	0	36	25	58	0	61	58	40	71	202	14	0	0	0	0	0	33.4120523165959	0.0575078353125576	
2006	1363	0	0	0	0	0	0	16	0	33	0	21	315	382	75	259	202	60	0	0	0	0	0	0	0	33.4120523165959	0.0245136113841496	
2007	1281	0	0	0	0	0	0	30	0	0	128	0	181	71	333	280	192	34	32	0	0	0	0	0	0	33.4120523165959	0.0260827886936737	
2008	1523	0	0	0	0	0	0	51	72	53	0	288	44	337	242	87	146	148	17	0	38	0	0	0	0	33.4120523165959	0.0219383140621116	
2009	1397	0	0	0	0	0	13	0	85	12	0	0	32	448	354	0	302	36	88	0	11	16	0	0	0	33.4120523165959	0.0239170023740844	
2010	1301	0	0	0	0	0	0	0	24	0	19	46	18	191	310	348	164	181	0	0	0	0	0	0	0	33.4120523165959	0.0256818234562613	
1980	443.7	0	0	0	0	0	0	0	0	0	0	90	34.5	57.8	147.7	13.4	44.9	39.3	16.1	0	0	0	0	0	0	26.2946706082909	0.0592622731762246	
1981	429.9	0	0	0	0	0	0	0	0	0	0	17.4	68.8	93.4	84.8	38.1	116.5	0	10.9	0	0	0	0	0	0	26.2946706082909	0.0611646210939541	
1982	164.5	0	0	0	0	0	0	0	0	0	0	17.7	0	60	0	71	0	15.8	0	0	0	0	0	0	0	26.2946706082909	0.159846021934899	
1983	187.4	0	0	0	0	0	0	0	0	0	0	0	0	12.6	34.4	0	60.6	62.5	17.3	0	0	0	0	0	0	26.2946706082909	0.140313076885223	
1984	394	0	0	0	0	0	0	0	0	0	0	74.1	54.9	66.6	18.6	38.3	13.1	70.3	58.1	0	0	0	0	0	0	26.2946706082909	0.0667377426606367	
1985	440.1	0	0	0	0	0	0	0	0	0	0	61.5	0	94.9	42.8	0	128.4	75.5	37	0	0	0	0	0	0	26.2946706082909	0.0597470361469913	
1986	277.2	0	0	0	0	0	0	0	0	0	0	69.6	0	0	68.4	88	24.6	26.6	0	0	0	0	0	0	0	26.2946706082909	0.0948581190775283	
1987	207.9	0	0	0	0	0	0	0	0	0	0	52	0	14.7	16.3	92	0	32.9	0	0	0	0	0	0	0	26.2946706082909	0.126477492103371	
1988	200.9	0	0	0	0	0	0	0	0	0	0	0	0	93.9	39.4	67.6	0	0	0	0	0	0	0	0	0	26.2946706082909	0.130884373361328	
1989	253.4	0	0	0	0	0	0	0	0	0	0	104	0	40.2	47.2	31.9	11.1	0	19	0	0	0	0	0	0	26.2946706082909	0.103767445178733	
1990	558.1	0	0	0	0	0	0	0	0	0	0	0	93	78.1	184.7	163.6	0	38.7	0	0	0	0	0	0	0	26.2946706082909	0.0471146221255883	
